0149   I 260128 0442 01
0149   I 260128 0450 01
0094   I 260128 0518 01
1442   I 260128 0530 01
0077   I 260128 0532 01
0315   I 260128 0536 01
1234   I 260128 0544 01
1477   I 260128 0547 01
0524   I 260128 0559 01
0073   I 260128 0600 01
1383   O 260128 0600 01
1382   O 260128 0600 01
1481   O 260128 0600 01
1482   O 260128 0600 01
1422   O 260128 0600 01
1330   O 260128 0600 01
9014   O 260128 0600 01
1419   O 260128 0601 01
1479   O 260128 0601 01
0403   O 260128 0601 01
0501   O 260128 0601 01
0590   O 260128 0601 01
0394   O 260128 0601 01
1131   O 260128 0601 01
1321   O 260128 0602 01
1403   I 260128 0603 01
1394   I 260128 0604 01
0252   O 260128 0606 01
0780   O 260128 0608 01
1057   O 260128 0608 01
0253   O 260128 0610 01
1438   O 260128 0613 01
0734   O 260128 0615 01
0250   I 260128 0616 01
1081   I 260128 0617 01
0896   I 260128 0627 01
0190   I 260128 0628 01
0420   I 260128 0629 01
0058   I 260128 0631 01
0179   O 260128 0633 01
0061   I 260128 0633 01
1392   I 260128 0644 01
0072   O 260128 0644 01
0593   I 260128 0646 01
1239   O 260128 0649 01
1306   I 260128 0650 01
0124   I 260128 0651 01
0508   I 260128 0654 01
1400   I 260128 0655 01
0030   O 260128 0700 01
1470   O 260128 0700 01
0034   I 260128 0705 01
0463   I 260128 0717 01
1335   I 260128 0717 01
1443   I 260128 0719 01
0173   O 260128 0719 01
0198   I 260128 0724 01
1459   I 260128 0724 01
1472   I 260128 0725 01
0372   O 260128 0728 01
1480   I 260128 0732 01
0382   I 260128 0734 01
1063   I 260128 0736 01
0950   I 260128 0737 01
1449   I 260128 0738 01
1447   I 260128 0739 01
0246   I 260128 0741 01
1426   I 260128 0743 01
1412   I 260128 0743 01
0195   I 260128 0745 01
0012   I 260128 0745 01
9019   I 260128 0746 01
0085   I 260128 0748 01
1417   I 260128 0750 01
1460   I 260128 0751 01
1284   I 260128 0751 01
1364   I 260128 0751 01
1404   I 260128 0752 01
1469   I 260128 0752 01
1467   I 260128 0752 01
1398   I 260128 0753 01
0069   I 260128 0754 01
1044   I 260128 0754 01
Z0057PUI 260128 0757 01
0217   I 260128 0759 01
0008   I 260128 0801 01
0017   I 260128 0803 01
9999   I 260128 0807 01
0057   I 260128 0809 01
0087   I 260128 0842 01
0184   I 260128 1037 01
0888   I 260128 1050 01
0380   I 260128 1138 01
1260   I 260128 1139 01
0272   I 260128 1145 01
0334   I 260128 1152 01
0503   I 260128 1204 01
0469   I 260128 1218 01
1409   I 260128 1237 01
0282   I 260128 1244 01
0261   I 260128 1245 01
1394   O 260128 1531 01
1403   O 260128 1531 01
0094   O 260128 1532 01
0149   O 260128 1536 01
0077   O 260128 1540 01
0524   O 260128 1544 01
0073   O 260128 1544 01
1442   O 260128 1610 01
1234   O 260128 1613 01
0896   O 260128 1626 01
1081   O 260128 1643 01
0124   O 260128 1649 01
0420   O 260128 1659 01
0081   O 260128 1701 01
1398   O 260128 1701 01
Z0057PUO 260128 1701 01
0195   O 260128 1702 01
0250   O 260128 1704 01
0058   O 260128 1711 01
0315   O 260128 1713 01
1459   I 260128 1714 01
1467   O 260128 1714 01
1284   O 260128 1714 01
0449   O 260128 1718 01
0246   O 260128 1719 01
1447   O 260128 1724 01
0069   O 260128 1727 01
1480   O 260128 1730 01
1460   O 260128 1730 01
1477   O 260128 1730 01
1412   O 260128 1730 01
0085   O 260128 1731 01
1335   O 260128 1731 01
1469   O 260128 1731 01
1063   O 260128 1732 01
1449   O 260128 1734 01
0034   O 260128 1734 01
0411   O 260128 1735 01
1443   O 260128 1735 01
0217   O 260128 1736 01
9019   O 260128 1737 01
0251   O 260128 1743 01
0542   O 260128 1745 01
1044   O 260128 1746 01
0017   O 260128 1751 01
0087   I 260128 1757 01
0593   O 260128 1757 01
0950   O 260128 1817 01
0174   O 260128 1821 01
0057   O 260128 1824 01
0463   O 260128 1824 01
1364   O 260128 1824 01
0499   I 260128 1827 01
0015   O 260128 1831 01
0252   I 260128 1850 01
0382   O 260128 1853 01
9999   O 260128 1908 01
1472   O 260128 1908 01
1417   O 260128 1911 01
1422   I 260128 1917 01
0372   I 260128 1924 01
1481   I 260128 1927 01
1415   I 260128 1932 01
0138   I 260128 1939 01
1330   I 260128 1941 01
0501   I 260128 1942 01
1239   I 260128 1943 01
0072   I 260128 1944 01
1482   I 260128 1946 01
0183   I 260128 1952 01
9014   I 260128 2001 01
1419   I 260128 2006 01
1131   I 260128 2007 01
0780   I 260128 2008 01
0590   I 260128 2009 01
0393   I 260128 2010 01
1479   I 260128 2011 01
1416   I 260128 2014 01
0403   I 260128 2015 01
1057   I 260128 2016 01
1223   I 260128 2016 01
0253   I 260128 2016 01
0887   I 260128 2016 01
0875   I 260128 2017 01
1383   I 260128 2020 01
0886   I 260128 2022 01
1382   I 260128 2022 01
1438   I 260128 2022 01
1470   I 260128 2024 01
0061   O 260128 2025 01
0888   O 260128 2030 01
0873   I 260128 2034 01
0173   I 260128 2042 01
0179   I 260128 2055 01
0768   I 260128 2124 01
0390   I 260128 2129 01
0469   O 260128 2230 01
1409   O 260128 2230 01
0503   O 260128 2230 01
0261   O 260128 2233 01
0334   O 260128 2235 01
1260   O 260128 2241 01
0212   I 260128 0514 02
0930   I 260128 0527 02
0032   I 260128 0538 02
1340   I 260128 0544 02
0440   I 260128 0548 02
0574   I 260128 0554 02
0625   I 260128 0555 02
0081   I 260128 0555 02
0411   I 260128 0555 02
0040   I 260128 0558 02
0873   O 260128 0600 02
0066   O 260128 0600 02
0183   O 260128 0600 02
0065   O 260128 0600 02
1423   O 260128 0600 02
0138   O 260128 0600 02
1331   O 260128 0600 02
1452   O 260128 0601 02
0067   O 260128 0601 02
0203   O 260128 0605 02
1381   O 260128 0606 02
0485   O 260128 0606 02
0139   O 260128 0607 02
0164   I 260128 0623 02
0412   O 260128 0630 02
1388   O 260128 0630 02
0071   I 260128 0631 02
0425   I 260128 0638 02
0449   I 260128 0641 02
0206   I 260128 0645 02
0213   I 260128 0647 02
0453   I 260128 0648 02
1468   I 260128 0649 02
1357   I 260128 0655 02
1178   I 260128 0655 02
0992   I 260128 0655 02
0024   I 260128 0657 02
0110   O 260128 0700 02
0604   O 260128 0700 02
0176   I 260128 0700 02
0444   I 260128 0700 02
1337   O 260128 0706 02
0768   O 260128 0706 02
0027   O 260128 0712 02
0308   I 260128 0712 02
0015   I 260128 0713 02
1371   I 260128 0715 02
0500   O 260128 0720 02
0518   I 260128 0721 02
0021   I 260128 0722 02
0413   I 260128 0725 02
0518   I 260128 0727 02
0523   I 260128 0727 02
0486   I 260128 0732 02
1206   I 260128 0738 02
1380   I 260128 0740 02
0033   I 260128 0745 02
0251   I 260128 0751 02
0039   I 260128 0751 02
0630   I 260128 0752 02
1261   I 260128 0752 02
1098   I 260128 0753 02
0174   I 260128 0755 02
0542   I 260128 0757 02
1058   I 260128 0833 02
0929   I 260128 1045 02
0048   I 260128 1120 02
0376   I 260128 1122 02
1478   I 260128 1140 02
0193   I 260128 1146 02
0225   I 260128 1146 02
0389   I 260128 1224 02
1411   I 260128 1234 02
1211   I 260128 1241 02
0040   O 260128 1530 02
1340   O 260128 1531 02
0930   O 260128 1532 02
0625   O 260128 1537 02
0425   O 260128 1601 02
0032   O 260128 1603 02
0518   O 260128 1625 02
0190   O 260128 1626 02
0338   I 260128 1629 02
0213   O 260128 1630 02
1468   O 260128 1630 02
0212   O 260128 1630 02
1178   O 260128 1630 02
0206   O 260128 1630 02
0453   O 260128 1631 02
0440   O 260128 1631 02
1306   O 260128 1631 02
0024   O 260128 1632 02
0992   O 260128 1633 02
1400   O 260128 1635 02
0508   O 260128 1640 02
1357   O 260128 1648 02
0413   O 260128 1700 02
0071   I 260128 1700 02
1371   O 260128 1702 02
0033   O 260128 1702 02
1206   O 260128 1702 02
0523   O 260128 1707 02
0574   O 260128 1708 02
0198   O 260128 1720 02
0308   O 260128 1725 02
0164   O 260128 1730 02
1098   O 260128 1730 02
1426   O 260128 1730 02
0486   O 260128 1731 02
0176   O 260128 1738 02
0630   O 260128 1748 02
0463   O 260128 1810 02
1404   O 260128 1814 02
1380   O 260128 1814 02
0008   O 260128 1823 02
0444   O 260128 1829 02
0012   O 260128 1830 02
0039   I 260128 1837 02
0039   O 260128 1837 02
0021   O 260128 1842 02
0066   I 260128 1914 02
0171   I 260128 1956 02
0139   I 260128 1958 02
0045   I 260128 2002 02
1430   I 260128 2003 02
0027   I 260128 2006 02
0394   I 260128 2007 02
0067   I 260128 2013 02
1331   I 260128 2023 02
0371   I 260128 2023 02
1388   I 260128 2024 02
0485   I 260128 2028 02
1261   O 260128 2028 02
1423   I 260128 2030 02
0491   I 260128 2030 02
1324   I 260128 2030 02
0184   O 260128 2031 02
0110   I 260128 2032 02
1392   O 260128 2038 02
1461   I 260128 2038 02
1405   I 260128 2038 02
1058   O 260128 2038 02
0048   O 260128 2101 02
0929   O 260128 2101 02
0376   O 260128 2102 02
1478   O 260128 2102 02
1356   I 260128 2103 02
1389   I 260128 2103 02
0500   I 260128 2119 02
1337   I 260128 2128 02
1334   I 260128 2130 02
0225   O 260128 2135 02
0380   O 260128 2136 02
1356   O 260128 2205 02
1356   I 260128 2205 02
1211   O 260128 2230 02
0389   O 260128 2230 02
1411   O 260128 2230 02
0282   O 260128 2230 02
0272   O 260128 2231 02
